3, -3, 1
4, -17, 1
5, 99, -1
6, -3, 1
7, 13, -1
8, -17, 1
9, -51, 1
10, 99, -1
11, 85, -1
12, -33, 1
13, 21, -1
14, 87, -1
15, 57, -1
16, -17, 1
17, -113, 1
18, 23, -1
19, -41, 1
20, 7, -1
21, -1, 1
22, -71, 1
23, -65, 1
24, -29, 1
25, 53, -1
26, 75, -1
27, -53, 1
28, 25, -1
29, 81, -1
30, 47, -1
31, 105, -1
32, -17, 1
33, -113, 1
34, 23, -1
35, -41, 1
36, 7, -1
37, -1, 1
38, -71, 1
39, -65, 1
40, -29, 1
41, 53, -1
42, 75, -1
43, -53, 1
44, 25, -1
45, 81, -1
46, 47, -1
47, 105, -1
48, -17, 1
49, -113, 1
50, 23, -1
51, -41, 1
52, 7, -1
53, -1, 1
54, -71, 1
55, -65, 1
56, -29, 1
57, 53, -1
58, 75, -1
59, -53, 1
60, 25, -1
61, 81, -1
62, 47, -1
63, 105, -1
64, -17, 1
65, -113, 1
66, 23, -1
67, -41, 1
68, 7, -1
69, -1, 1
70, -71, 1
71, -65, 1
72, -29, 1
73, 53, -1
74, 75, -1
75, -53, 1
76, 25, -1
77, 81, -1
78, 47, -1
79, 105, -1
80, -17, 1
81, -113, 1
82, 23, -1
83, -41, 1
84, 7, -1
85, -1, 1
86, -71, 1
87, -65, 1
88, -29, 1
89, 53, -1
90, 75, -1
91, -53, 1
92, 25, -1
93, 81, -1
94, 47, -1
95, 105, -1
96, -17, 1
97, -113, 1
98, 23, -1
99, -41, 1
100, 7, -1
101, -1, 1
102, -71, 1
103, -65, 1
104, -29, 1
105, 53, -1
106, 75, -1
107, -53, 1
108, 25, -1
109, 81, -1
110, 47, -1
111, 105, -1
112, -17, 1
113, -113, 1
114, 23, -1
115, -41, 1
116, 7, -1
117, -1, 1
118, -71, 1
119, -65, 1
120, -29, 1
121, 53, -1
122, 75, -1
123, -53, 1
124, 25, -1
125, 81, -1
126, 47, -1
127, 105, -1
128, -17, 1
129, -113, 1
130, 23, -1
131, -41, 1
132, 7, -1
133, -1, 1
134, -71, 1
135, -65, 1
136, -29, 1
137, 53, -1
138, 75, -1
139, -53, 1
140, 25, -1
141, 81, -1
142, 47, -1
143, 105, -1
144, -17, 1
145, -113, 1
146, 23, -1
147, -41, 1
148, 7, -1
149, -1, 1
150, -71, 1
151, -65, 1
152, -29, 1
153, 53, -1
154, 75, -1
155, -53, 1
156, 25, -1
157, 81, -1
158, 47, -1
159, 105, -1
160, -17, 1
161, -113, 1
162, 23, -1
163, -41, 1
164, 7, -1
165, -1, 1
166, -71, 1
167, -65, 1
168, -29, 1
169, 53, -1
170, 75, -1
171, -53, 1
172, 25, -1
173, 81, -1
174, 47, -1
175, 105, -1
176, -17, 1
177, -113, 1
178, 23, -1
179, -41, 1
180, 7, -1
181, -1, 1
182, -71, 1
183, -65, 1
184, -29, 1
185, 53, -1
186, 75, -1
187, -53, 1
188, 25, -1
189, 81, -1
190, 47, -1
191, 105, -1
192, -17, 1
193, -113, 1
194, 23, -1
195, -41, 1
196, 7, -1
197, -1, 1
198, -71, 1
199, -65, 1
200, -29, 1
201, 53, -1
202, 75, -1
203, -53, 1
204, 25, -1
205, 81, -1
206, 47, -1
207, 105, -1
208, -17, 1
209, -113, 1
210, 23, -1
211, -41, 1
212, 7, -1
213, -1, 1
214, -71, 1
215, -65, 1
216, -29, 1
217, 53, -1
218, 75, -1
219, -53, 1
220, 25, -1
221, 81, -1
222, 47, -1
223, 105, -1
224, -17, 1
225, -113, 1
226, 23, -1
227, -41, 1
228, 7, -1
229, -1, 1
230, -71, 1
231, -65, 1
232, -29, 1
233, 53, -1
234, 75, -1
235, -53, 1
236, 25, -1
237, 81, -1
238, 47, -1
239, 105, -1
240, -17, 1
241, -113, 1
242, 23, -1
243, -41, 1
244, 7, -1
245, -1, 1
246, -71, 1
247, -65, 1
248, -29, 1
249, 53, -1
250, 75, -1
251, -53, 1
252, 25, -1
253, 81, -1
254, 47, -1
255, 105, -1
256, -17, 1
257, -113, 1
258, 23, -1
259, -41, 1
260, 7, -1
261, -1, 1
262, -71, 1
263, -65, 1
264, -29, 1
265, 53, -1
266, 75, -1
267, -53, 1
268, 25, -1
269, 81, -1
270, 47, -1
271, 105, -1
272, -17, 1
273, -113, 1
274, 23, -1
275, -41, 1
276, 7, -1
277, -1, 1
278, -71, 1
279, -65, 1
280, -29, 1
281, 53, -1
282, 75, -1
283, -53, 1
284, 25, -1
285, 81, -1
286, 47, -1
287, 105, -1
288, -17, 1
289, -113, 1
290, 23, -1
291, -41, 1
292, 7, -1
293, -1, 1
294, -71, 1
295, -65, 1
296, -29, 1
297, 53, -1
298, 75, -1
299, -53, 1
300, 25, -1
301, 81, -1
302, 47, -1
303, 105, -1
304, -17, 1
305, -113, 1
306, 23, -1
307, -41, 1
308, 7, -1
309, -1, 1
310, -71, 1
311, -65, 1
312, -29, 1
313, 53, -1
314, 75, -1
315, -53, 1
316, 25, -1
317, 81, -1
318, 47, -1
319, 105, -1
320, -17, 1
321, -113, 1
322, 23, -1
323, -41, 1
324, 7, -1
325, -1, 1
326, -71, 1
327, -65, 1
328, -29, 1
329, 53, -1
330, 75, -1
331, -53, 1
332, 25, -1
333, 81, -1
334, 47, -1
335, 105, -1
336, -17, 1
337, -113, 1
338, 23, -1
339, -41, 1
340, 7, -1
341, -1, 1
342, -71, 1
343, -65, 1
344, -29, 1
345, 53, -1
346, 75, -1
347, -53, 1
348, 25, -1
349, 81, -1
350, 47, -1
351, 105, -1
352, -17, 1
353, -113, 1
354, 23, -1
355, -41, 1
356, 7, -1
357, -1, 1
358, -71, 1
359, -65, 1
360, -29, 1
361, 53, -1
362, 75, -1
363, -53, 1
364, 25, -1
365, 81, -1
366, 47, -1
367, 105, -1
368, -17, 1
369, -113, 1
370, 23, -1
371, -41, 1
372, 7, -1
373, -1, 1
374, -71, 1
375, -65, 1
376, -29, 1
377, 53, -1
378, 75, -1
379, -53, 1
380, 25, -1
381, 81, -1
382, 47, -1
383, 105, -1
384, -17, 1
385, -113, 1
386, 23, -1
387, -41, 1
388, 7, -1
389, -1, 1
390, -71, 1
391, -65, 1
392, -29, 1
393, 53, -1
394, 75, -1
395, -53, 1
396, 25, -1
397, 81, -1
398, 47, -1
399, 105, -1
400, -17, 1
401, -113, 1
402, 23, -1
403, -41, 1
404, 7, -1
405, -1, 1
406, -71, 1
407, -65, 1
408, -29, 1
409, 53, -1
410, 75, -1
411, -53, 1
412, 25, -1
413, 81, -1
414, 47, -1
415, 105, -1
416, -17, 1
417, -113, 1
418, 23, -1
419, -41, 1
420, 7, -1
421, -1, 1
422, -71, 1
423, -65, 1
424, -29, 1
425, 53, -1
426, 75, -1
427, -53, 1
428, 25, -1
429, 81, -1
430, 47, -1
431, 105, -1
432, -17, 1
433, -113, 1
434, 23, -1
435, -41, 1
436, 7, -1
437, -1, 1
438, -71, 1
439, -65, 1
440, -29, 1
441, 53, -1
442, 75, -1
443, -53, 1
444, 25, -1
445, 81, -1
446, 47, -1
447, 105, -1
448, -17, 1
449, -113, 1
450, 23, -1
451, -41, 1
452, 7, -1
453, -1, 1
454, -71, 1
455, -65, 1
456, -29, 1
457, 53, -1
458, 75, -1
459, -53, 1
460, 25, -1
461, 81, -1
462, 47, -1
463, 105, -1
464, -17, 1
465, -113, 1
466, 23, -1
467, -41, 1
468, 7, -1
469, -1, 1
470, -71, 1
471, -65, 1
472, -29, 1
473, 53, -1
474, 75, -1
475, -53, 1
476, 25, -1
477, 81, -1
478, 47, -1
479, 105, -1
480, -17, 1
481, -113, 1
482, 23, -1
483, -41, 1
484, 7, -1
485, -1, 1
486, -71, 1
487, -65, 1
488, -29, 1
489, 53, -1
490, 75, -1
491, -53, 1
492, 25, -1
493, 81, -1
494, 47, -1
495, 105, -1
496, -17, 1
497, -113, 1
498, 23, -1
499, -41, 1
500, 7, -1
501, -1, 1
502, -71, 1
503, -65, 1
504, -29, 1
505, 53, -1
